69,4
69,3
69,2
69,1
69,0
68,3
68,2
68,1
68,0
67,4
67,3
67,2
67,1
67,0
0,522
66,3
66,2
0,521
66,1
66,0
0,520
0,519
0,518
0,517
0,516
0,515
0,514
0,513
65,4
65,3
65,2
0,512
65,1
65,0
64,3
64,2
64,1
64,0
48,4
45,4
0,278
51,0
63,5
63,4
63,3
63,2
63,1
63,0
51,2
60,4
51,4
57,2
57,5
57,4
62,57
62,56
62,55
62,54
62,53
62,52
62,51
62,50
62,49
45,1
62,48
62,47
45,3
48,1
62,46
48,3
62,45
34,1
62,44
34,3
57,1
62,43
57,3
51,1
62,42
51,3
47,1
62,41
62,40
47,3
58,1
62,39
62,38
62,37
58,3
60,1
60,3
0,273
0,270
62,36
62,35
3,2
3,1
3,3
10,71
10,201
10,213
10,301
10,17
10,313
10,163
10,1
10,107
10,2
10,3
11,21
11,9
11,5
11,19
11,11
11,13
11,1
11,17
11,2
11,3
9,7
9,1
9,5
9,2
9,3
8,11
8,10
8,8
8,18
8,14
8,1
8,6
8,2
8,3
12,2
12,1
12,3
21,3
21,2
